0 5.36805451 1.33000004 7.41074162
0 4.36213081 1.33000004 7.07649991
0 4.13194549 1.33000004 7.76925869
0 5.13786919 1.33000004 8.10350039
0 5.36805451 -0.47999996 7.41074162
0 4.36213081 -0.47999996 7.07649991
0 4.13194549 -0.47999996 7.76925869
0 5.13786919 -0.47999996 8.10350039
1 2.08071888 1.40999997 24.60631024
1 2.91725879 1.40999997 24.53014607
1 2.83928119 1.40999997 23.67368854
1 2.00274128 1.40999997 23.74985271
1 2.08071888 -0.32000003 24.60631024
1 2.91725879 -0.32000003 24.53014607
1 2.83928119 -0.32000003 23.67368854
1 2.00274128 -0.32000003 23.74985271
2 2.90527983 1.39999998 24.74184319
2 3.79976136 1.39999998 24.64233039
2 3.69472007 1.39999998 23.69815544
2 2.80023854 1.39999998 23.79766824
2 2.90527983 -0.41000002 24.74184319
2 3.79976136 -0.41000002 24.64233039
2 3.69472007 -0.41000002 23.69815544
2 2.80023854 -0.41000002 23.79766824
3 -2.23423216 1.36000001 23.81892385
3 -1.31466839 1.36000001 23.79059571
3 -1.34576777 1.36000001 22.78107462
3 -2.26533153 1.36000001 22.80940276
3 -2.23423216 -0.41999999 23.81892385
3 -1.31466839 -0.41999999 23.79059571
3 -1.34576777 -0.41999999 22.78107462
3 -2.26533153 -0.41999999 22.80940276